id_municipio,mes_competencia,ano_competencia,qtde_beneficiarios,populacao
3550308,7,2020,193101,12325232
3550308,10,2020,192643,12325232
3550308,9,2022,207587,12200180
3550308,11,2021,196588,12396372
3550308,12,2022,212362,12200180
3550308,10,2019,191280,12252023
3550308,5,2022,200071,12200180
3550308,7,2019,191968,12252023
3550308,3,2022,199515,12200180
3550308,12,2019,191308,12252023
3550308,3,2019,193160,12252023
3550308,5,2019,193747,12252023
3550308,5,2021,191556,12396372
3550308,7,2022,203097,12200180
3550308,6,2021,191565,12396372
3550308,6,2019,193505,12252023
3550308,6,2020,193533,12325232
3550308,9,2021,195800,12396372
3550308,6,2022,196679,12200180
3550308,9,2020,192592,12325232
3550308,1,2019,193545,12252023
3550308,3,2021,192234,12396372
3550308,4,2022,199455,12200180
3550308,12,2021,195762,12396372
3550308,1,2020,191724,12325232
3550308,11,2020,192903,12325232
3550308,10,2021,195548,12396372
3550308,11,2022,211116,12200180
3550308,2,2022,198298,12200180
3550308,2,2020,188803,12325232
3550308,12,2020,193350,12325232
3550308,10,2022,209959,12200180
3550308,4,2020,192541,12325232
3550308,1,2021,193087,12396372
3550308,8,2020,192699,12325232
3550308,9,2019,190062,12252023
3550308,7,2021,192237,12396372
3550308,2,2021,192734,12396372
3550308,4,2019,193576,12252023
3550308,3,2020,190611,12325232
3550308,5,2020,193602,12325232
3550308,8,2019,190127,12252023
3550308,8,2022,207078,12200180
3550308,4,2021,191111,12396372
3550308,2,2019,193153,12252023
3550308,1,2022,198822,12200180
3550308,8,2021,192352,12396372
3550308,11,2019,191627,12252023
